θών. 27, 2023 10:10:32 PM HW_1.task2_1 bubbleSort
INFO: [12, 6, 4, 1, 15, 10, -1, 0, 21, 24, -10, 678]
θών. 27, 2023 10:10:32 PM HW_1.task2_1 bubbleSort
INFO: [6, 4, 1, 12, 10, -1, 0, 15, 21, -10, 24, 678]
θών. 27, 2023 10:10:32 PM HW_1.task2_1 bubbleSort
INFO: [4, 1, 6, 10, -1, 0, 12, 15, -10, 21, 24, 678]
θών. 27, 2023 10:10:32 PM HW_1.task2_1 bubbleSort
INFO: [1, 4, 6, -1, 0, 10, 12, -10, 15, 21, 24, 678]
θών. 27, 2023 10:10:32 PM HW_1.task2_1 bubbleSort
INFO: [1, 4, -1, 0, 6, 10, -10, 12, 15, 21, 24, 678]
θών. 27, 2023 10:10:32 PM HW_1.task2_1 bubbleSort
INFO: [1, -1, 0, 4, 6, -10, 10, 12, 15, 21, 24, 678]
θών. 27, 2023 10:10:32 PM HW_1.task2_1 bubbleSort
INFO: [-1, 0, 1, 4, -10, 6, 10, 12, 15, 21, 24, 678]
θών. 27, 2023 10:10:32 PM HW_1.task2_1 bubbleSort
INFO: [-1, 0, 1, -10, 4, 6, 10, 12, 15, 21, 24, 678]
θών. 27, 2023 10:10:32 PM HW_1.task2_1 bubbleSort
INFO: [-1, 0, -10, 1, 4, 6, 10, 12, 15, 21, 24, 678]
θών. 27, 2023 10:10:32 PM HW_1.task2_1 bubbleSort
INFO: [-1, -10, 0, 1, 4, 6, 10, 12, 15, 21, 24, 678]
θών. 27, 2023 10:10:32 PM HW_1.task2_1 bubbleSort
INFO: [-10, -1, 0, 1, 4, 6, 10, 12, 15, 21, 24, 678]
